---------------------------------------------------------------
LimeSuite Source (RX) info

##################
Connecting to device
##################
LimeSuite version: 22.09.1-myriadrf1~ubuntu20.04
gr-limesdr version: v1.0-compat-xxx-xunknown
##################
Device list:
Nr.:0 device:LimeSDR Mini, media=USB 3.0, module=FT601, addr=24607:1027, serial=1D7505D2B85BDA
##################
INFO: device_handler::open_device(): no serial number. Using first device in the list.
Use "LimeUtil --find" in terminal to find prefered device serial.
Using device: LimeSDR-Mini(1D7505D2B85BDA) GW: 1.29 FW: 6
##################

INFO: device_handler::enable_channels(): SISO CH0 set for device number 0.
INFO: device_handler::set_samp_rate(): set sampling rate: 0.4 MS/s.
INFO: device_handler::set_rf_freq(): RF frequency set [RX]: 870 MHz.
INFO: device_handler::set_analog_filter(): INFO: device_handler::set_digital_filter(): digital filter CH0 [RX]: 0.4 MHz.
INFO: device_handler::set_gain(): 
Clearing running sum before changing gain 
Actual : Short = 0 /  Long = 0
Clear : Short = 0 /  Long = 0
Set gain [RX] CH0: 73 dB.
Running : Short = 0 /  Long = 0
INFO: device_handler::set_antenna(): CH0 antenna set [RX]: LNAW.
INFO: device_handler::calibrate(): INFO: device_handler::set_dspcfg_preamble(): INFO: source_impl::init_stream(): source channel 0 (device nr. 0) stream setup done.
[SYNC] New preamble detected @ 1 (CFO -11.61 Hz, STO 1)
0.001085937 7e-06 7e-06
[SYNC] Estimated SNR: 21.88 dB (4096 samples)
[SYNC] New preamble detected @ 7052 (CFO 1.12 Hz, STO 4)
0.0010797945 7e-06 7e-06
[SYNC] Estimated SNR: 21.85 dB (4096 samples)
[SYNC] New preamble detected @ 14096 (CFO -3.87 Hz, STO 0)
0.0010369521 7e-06 7e-06
[SYNC] Estimated SNR: 21.68 dB (2303 samples)
[MAC] Error in CRC, packet dropped [ 32 150  50 158  10 112 223 255 255 198 216 233 201  84  13 132 208 175
  13 154 182 138 206 159 155 221 109 183 127 143  63   4  86  36 234  90
  83 187 105 218 118 185 183  32 203  48  87 171 175  38 139 236 161  17
 234  58  99 102 134 168 135  75 153 230 115 116  84 145   7 154 240 111
  88 181 196 185 212 122  93  47 145 165  76 176 130  18 168 178 172  74
 249 117 202  46 136 199 203  31  78 166] [105]
--- 1 packets received with 1 error(s) ---
[SYNC] New preamble detected @ 21148 (CFO -3.97 Hz, STO 4)
0.0010554877 7e-06 7e-06
[SYNC] Estimated SNR: 21.75 dB (1407 samples)
[MAC] Error in CRC, packet dropped [214 141   6 220  43  36 179 192  21 247 239 156 115 216  69  13 183 176
  21 221 177 163 149  67 126 106 208  69  20   1 129  72 185  65 205  49
  54 198 229  80 202 201 163  12 175  84  34 240 248  59 220  80 244 111
 196  72 174  77 207  34 174  46 187 175 148 222  39 187  16  46  10  15
  63 158 144 125 205  67 254 223  77   7 169  39 148 102 208  16 117 110
  23 204 197  82 133 236 136  69 201  77] [73]
--- 2 packets received with 2 error(s) ---
[SYNC] New preamble detected @ 28193 (CFO 32.81 Hz, STO 1)
0.00110202 7e-06 7e-06
[SYNC] Estimated SNR: 21.94 dB (4096 samples)
[MAC] Error in CRC, packet dropped [122 151 131 203 249 173 141 220 148  22  43 111  62 135  25 237 113 251
  75  68  85 160 235 135 239 101 221 148  84  76  69  68  40 115 242 168
 128  35 203 243  83 209 168 204 215  29  97 220 150  81  19 154  17  89
  63 210   8  47 139 171  18  76 222 210  48 239 116  46  70  58  73  97
 198 133  49 232  23  26  20 191  49 110  95 200 206 219 162  67 213 182
  32 176  26  73  52 151 171  47 203 101] [22]
--- 3 packets received with 3 error(s) ---
[MAC] Error in CRC, packet dropped [ 23  41 222 238  51 166 162  74  69 193 249 223  58 167 233 170 250 218
 231 243 178 254 130 134 189 200 201 254  28  32  61 105 250  72  47 192
  46 132  68  64  16 245 230 210  52  97 149  73  39 126 109  91 237  55
  32 176  72 238  92 108 218 157 118 142  13 101  46  26  79 213 106  82
 238 210 155  83  36 217 229 224 221 176 217 116 198 127 242 171   7 168
 180 222  60 171  44 222 134  26 213  48] [192]
--- 4 packets received with 4 error(s) ---
[MAC] Error in CRC, packet dropped [ 80  58  57  64 214 232  98  32  13 212 201  56 111 137 147  35 252 240
 186  75 100  18  78 168 164 211 204  52  17 184  55  18  14 119 101 193
  29 131 106 223 136 147  89 160 167  58 160  95  41  25  67  50 148   1
  97  30 252 158  63  60 194 154  36  90 191  63 212 189  85  76  11  21
  70  32  66  21  73 153 108  12 240 232 184  81 220 186  19 233  75 165
  69  95 119 223  47 221 176 139   4 206] [133]
--- 5 packets received with 5 error(s) ---
[SYNC] New preamble detected @ 35242 (CFO -37.20 Hz, STO 2)
0.00011670469 7e-06 7e-06
[SYNC] Estimated SNR: 11.95 dB (4096 samples)
[MAC] Packet demodulated:  [ 0  1  2  3  4  5  6  7  8  9 10 11 12 13 14 15 16 17 18 19 20 21 22 23
 24 25 26 27 28 29 30 31 32 33 34 35 36 37 38 39 40 41 42 43 44 45 46 47
 48 49 50 51 52 53 54 55 56 57 58 59 60 61 62 63 64 65 66 67 68 69 70 71
 72 73 74 75 76 77 78 79 80 81 82 83 84 85 86 87 88 89 90 91 92 93 94 95
 96 97 98 99] [195]
--- 6 packets received with 5 error(s) ---
[SYNC] New preamble detected @ 42292 (CFO 39.81 Hz, STO 4)
0.00011639728 7e-06 7e-06
[SYNC] Estimated SNR: 11.94 dB (512 samples)
[MAC] Packet demodulated:  [ 0  1  2  3  4  5  6  7  8  9 10 11 12 13 14 15 16 17 18 19 20 21 22 23
 24 25 26 27 28 29 30 31 32 33 34 35 36 37 38 39 40 41 42 43 44 45 46 47
 48 49 50 51 52 53 54 55 56 57 58 59 60 61 62 63 64 65 66 67 68 69 70 71
 72 73 74 75 76 77 78 79 80 81 82 83 84 85 86 87 88 89 90 91 92 93 94 95
 96 97 98 99] [195]
--- 7 packets received with 5 error(s) ---
[SYNC] New preamble detected @ 49338 (CFO 11.27 Hz, STO 2)
0.0001151781 7e-06 7e-06
[SYNC] Estimated SNR: 11.89 dB (2048 samples)
[MAC] Packet demodulated:  [ 0  1  2  3  4  5  6  7  8  9 10 11 12 13 14 15 16 17 18 19 20 21 22 23
 24 25 26 27 28 29 30 31 32 33 34 35 36 37 38 39 40 41 42 43 44 45 46 47
 48 49 50 51 52 53 54 55 56 57 58 59 60 61 62 63 64 65 66 67 68 69 70 71
 72 73 74 75 76 77 78 79 80 81 82 83 84 85 86 87 88 89 90 91 92 93 94 95
 96 97 98 99] [195]
--- 8 packets received with 5 error(s) ---
[SYNC] New preamble detected @ 56385 (CFO 44.44 Hz, STO 1)
0.000118916425 7e-06 7e-06
[SYNC] Estimated SNR: 12.04 dB (2048 samples)
[MAC] Packet demodulated:  [ 0  1  2  3  4  5  6  7  8  9 10 11 12 13 14 15 16 17 18 19 20 21 22 23
 24 25 26 27 28 29 30 31 32 33 34 35 36 37 38 39 40 41 42 43 44 45 46 47
 48 49 50 51 52 53 54 55 56 57 58 59 60 61 62 63 64 65 66 67 68 69 70 71
 72 73 74 75 76 77 78 79 80 81 82 83 84 85 86 87 88 89 90 91 92 93 94 95
 96 97 98 99] [195]
--- 9 packets received with 5 error(s) ---
[SYNC] New preamble detected @ 63433 (CFO 19.32 Hz, STO 1)
0.00011809949 7e-06 7e-06
[SYNC] Estimated SNR: 12.01 dB (2048 samples)
[MAC] Packet demodulated:  [ 0  1  2  3  4  5  6  7  8  9 10 11 12 13 14 15 16 17 18 19 20 21 22 23
 24 25 26 27 28 29 30 31 32 33 34 35 36 37 38 39 40 41 42 43 44 45 46 47
 48 49 50 51 52 53 54 55 56 57 58 59 60 61 62 63 64 65 66 67 68 69 70 71
 72 73 74 75 76 77 78 79 80 81 82 83 84 85 86 87 88 89 90 91 92 93 94 95
 96 97 98 99] [195]
--- 10 packets received with 5 error(s) ---
[SYNC] New preamble detected @ 70483 (CFO -6.52 Hz, STO 3)
0.00011819322 7e-06 7e-06
[SYNC] Estimated SNR: 12.01 dB (2048 samples)
[MAC] Packet demodulated:  [ 0  1  2  3  4  5  6  7  8  9 10 11 12 13 14 15 16 17 18 19 20 21 22 23
 24 25 26 27 28 29 30 31 32 33 34 35 36 37 38 39 40 41 42 43 44 45 46 47
 48 49 50 51 52 53 54 55 56 57 58 59 60 61 62 63 64 65 66 67 68 69 70 71
 72 73 74 75 76 77 78 79 80 81 82 83 84 85 86 87 88 89 90 91 92 93 94 95
 96 97 98 99] [195]
--- 11 packets received with 5 error(s) ---
[SYNC] New preamble detected @ 77532 (CFO 20.53 Hz, STO 4)
0.00011749887 7e-06 7e-06
[SYNC] Estimated SNR: 11.98 dB (2048 samples)
[MAC] Packet demodulated:  [ 0  1  2  3  4  5  6  7  8  9 10 11 12 13 14 15 16 17 18 19 20 21 22 23
 24 25 26 27 28 29 30 31 32 33 34 35 36 37 38 39 40 41 42 43 44 45 46 47
 48 49 50 51 52 53 54 55 56 57 58 59 60 61 62 63 64 65 66 67 68 69 70 71
 72 73 74 75 76 77 78 79 80 81 82 83 84 85 86 87 88 89 90 91 92 93 94 95
 96 97 98 99] [195]
--- 12 packets received with 5 error(s) ---
[SYNC] New preamble detected @ 84576 (CFO 41.83 Hz, STO 0)
0.00011627434 7e-06 7e-06
[SYNC] Estimated SNR: 11.93 dB (1024 samples)
[MAC] Packet demodulated:  [ 0  1  2  3  4  5  6  7  8  9 10 11 12 13 14 15 16 17 18 19 20 21 22 23
 24 25 26 27 28 29 30 31 32 33 34 35 36 37 38 39 40 41 42 43 44 45 46 47
 48 49 50 51 52 53 54 55 56 57 58 59 60 61 62 63 64 65 66 67 68 69 70 71
 72 73 74 75 76 77 78 79 80 81 82 83 84 85 86 87 88 89 90 91 92 93 94 95
 96 97 98 99] [195]
--- 13 packets received with 5 error(s) ---
[SYNC] New preamble detected @ 91629 (CFO -12.37 Hz, STO 5)
0.00011824723 7e-06 7e-06
[SYNC] Estimated SNR: 12.01 dB (1024 samples)
[MAC] Packet demodulated:  [ 0  1  2  3  4  5  6  7  8  9 10 11 12 13 14 15 16 17 18 19 20 21 22 23
 24 25 26 27 28 29 30 31 32 33 34 35 36 37 38 39 40 41 42 43 44 45 46 47
 48 49 50 51 52 53 54 55 56 57 58 59 60 61 62 63 64 65 66 67 68 69 70 71
 72 73 74 75 76 77 78 79 80 81 82 83 84 85 86 87 88 89 90 91 92 93 94 95
 96 97 98 99] [195]
--- 14 packets received with 5 error(s) ---
[SYNC] New preamble detected @ 98673 (CFO 64.21 Hz, STO 1)
0.00011708225 7e-06 7e-06
[SYNC] Estimated SNR: 11.97 dB (4096 samples)
[SYNC] New preamble detected @ 105722 (CFO 30.45 Hz, STO 2)
0.000116638155 7e-06 7e-06
[SYNC] Estimated SNR: 11.95 dB (4096 samples)
[MAC] Packet demodulated:  [ 0  1  2  3  4  5  6  7  8  9 10 11 12 13 14 15 16 17 18 19 20 21 22 23
 24 25 26 27 28 29 30 31 32 33 34 35 36 37 38 39 40 41 42 43 44 45 46 47
 48 49 50 51 52 53 54 55 56 57 58 59 60 61 62 63 64 65 66 67 68 69 70 71
 72 73 74 75 76 77 78 79 80 81 82 83 84 85 86 87 88 89 90 91 92 93 94 95
 96 97 98 99] [195]
--- 15 packets received with 5 error(s) ---
[MAC] Packet demodulated:  [ 0  1  2  3  4  5  6  7  8  9 10 11 12 13 14 15 16 17 18 19 20 21 22 23
 24 25 26 27 28 29 30 31 32 33 34 35 36 37 38 39 40 41 42 43 44 45 46 47
 48 49 50 51 52 53 54 55 56 57 58 59 60 61 62 63 64 65 66 67 68 69 70 71
 72 73 74 75 76 77 78 79 80 81 82 83 84 85 86 87 88 89 90 91 92 93 94 95
 96 97 98 99] [195]
--- 16 packets received with 5 error(s) ---
[SYNC] New preamble detected @ 112768 (CFO -26.19 Hz, STO 0)
0.00012125978 7e-06 7e-06
[SYNC] Estimated SNR: 12.13 dB (2048 samples)
[MAC] Packet demodulated:  [ 0  1  2  3  4  5  6  7  8  9 10 11 12 13 14 15 16 17 18 19 20 21 22 23
 24 25 26 27 28 29 30 31 32 33 34 35 36 37 38 39 40 41 42 43 44 45 46 47
 48 49 50 51 52 53 54 55 56 57 58 59 60 61 62 63 64 65 66 67 68 69 70 71
 72 73 74 75 76 77 78 79 80 81 82 83 84 85 86 87 88 89 90 91 92 93 94 95
 96 97 98 99] [195]
--- 17 packets received with 5 error(s) ---
[SYNC] New preamble detected @ 119822 (CFO -60.95 Hz, STO 6)
0.00011383133 7e-06 7e-06
[SYNC] Estimated SNR: 11.84 dB (512 samples)
[MAC] Packet demodulated:  [ 0  1  2  3  4  5  6  7  8  9 10 11 12 13 14 15 16 17 18 19 20 21 22 23
 24 25 26 27 28 29 30 31 32 33 34 35 36 37 38 39 40 41 42 43 44 45 46 47
 48 49 50 51 52 53 54 55 56 57 58 59 60 61 62 63 64 65 66 67 68 69 70 71
 72 73 74 75 76 77 78 79 80 81 82 83 84 85 86 87 88 89 90 91 92 93 94 95
 96 97 98 99] [195]
--- 18 packets received with 5 error(s) ---
[SYNC] New preamble detected @ 126870 (CFO -99.57 Hz, STO 6)
0.00011562226 7e-06 7e-06
[SYNC] Estimated SNR: 11.91 dB (2048 samples)
[MAC] Packet demodulated:  [ 0  1  2  3  4  5  6  7  8  9 10 11 12 13 14 15 16 17 18 19 20 21 22 23
 24 25 26 27 28 29 30 31 32 33 34 35 36 37 38 39 40 41 42 43 44 45 46 47
 48 49 50 51 52 53 54 55 56 57 58 59 60 61 62 63 64 65 66 67 68 69 70 71
 72 73 74 75 76 77 78 79 80 81 82 83 84 85 86 87 88 89 90 91 92 93 94 95
 96 97 98 99] [195]
--- 19 packets received with 5 error(s) ---
[SYNC] New preamble detected @ 133913 (CFO -6.33 Hz, STO 1)
0.00011634751 7e-06 7e-06
[SYNC] Estimated SNR: 11.94 dB (4096 samples)
[MAC] Packet demodulated:  [ 0  1  2  3  4  5  6  7  8  9 10 11 12 13 14 15 16 17 18 19 20 21 22 23
 24 25 26 27 28 29 30 31 32 33 34 35 36 37 38 39 40 41 42 43 44 45 46 47
 48 49 50 51 52 53 54 55 56 57 58 59 60 61 62 63 64 65 66 67 68 69 70 71
 72 73 74 75 76 77 78 79 80 81 82 83 84 85 86 87 88 89 90 91 92 93 94 95
 96 97 98 99] [195]
--- 20 packets received with 5 error(s) ---
[SYNC] New preamble detected @ 140965 (CFO -89.16 Hz, STO 5)
0.00011640764 7e-06 7e-06
[SYNC] Estimated SNR: 11.94 dB (2048 samples)
[MAC] Packet demodulated:  [ 0  1  2  3  4  5  6  7  8  9 10 11 12 13 14 15 16 17 18 19 20 21 22 23
 24 25 26 27 28 29 30 31 32 33 34 35 36 37 38 39 40 41 42 43 44 45 46 47
 48 49 50 51 52 53 54 55 56 57 58 59 60 61 62 63 64 65 66 67 68 69 70 71
 72 73 74 75 76 77 78 79 80 81 82 83 84 85 86 87 88 89 90 91 92 93 94 95
 96 97 98 99] [195]
--- 21 packets received with 5 error(s) ---
[SYNC] New preamble detected @ 148014 (CFO -6.76 Hz, STO 6)
0.00011450809 7e-06 7e-06
[SYNC] Estimated SNR: 11.86 dB (2048 samples)
[MAC] Packet demodulated:  [ 0  1  2  3  4  5  6  7  8  9 10 11 12 13 14 15 16 17 18 19 20 21 22 23
 24 25 26 27 28 29 30 31 32 33 34 35 36 37 38 39 40 41 42 43 44 45 46 47
 48 49 50 51 52 53 54 55 56 57 58 59 60 61 62 63 64 65 66 67 68 69 70 71
 72 73 74 75 76 77 78 79 80 81 82 83 84 85 86 87 88 89 90 91 92 93 94 95
 96 97 98 99] [195]
--- 22 packets received with 5 error(s) ---
[SYNC] New preamble detected @ 155062 (CFO -60.59 Hz, STO 6)
0.0001156651 7e-06 7e-06
[SYNC] Estimated SNR: 11.91 dB (2048 samples)
[MAC] Packet demodulated:  [ 0  1  2  3  4  5  6  7  8  9 10 11 12 13 14 15 16 17 18 19 20 21 22 23
 24 25 26 27 28 29 30 31 32 33 34 35 36 37 38 39 40 41 42 43 44 45 46 47
 48 49 50 51 52 53 54 55 56 57 58 59 60 61 62 63 64 65 66 67 68 69 70 71
 72 73 74 75 76 77 78 79 80 81 82 83 84 85 86 87 88 89 90 91 92 93 94 95
 96 97 98 99] [195]
--- 23 packets received with 5 error(s) ---
[SYNC] New preamble detected @ 162109 (CFO 14.52 Hz, STO 5)
0.00011543592 7e-06 7e-06
[SYNC] Estimated SNR: 11.90 dB (4096 samples)
[MAC] Packet demodulated:  [ 0  1  2  3  4  5  6  7  8  9 10 11 12 13 14 15 16 17 18 19 20 21 22 23
 24 25 26 27 28 29 30 31 32 33 34 35 36 37 38 39 40 41 42 43 44 45 46 47
 48 49 50 51 52 53 54 55 56 57 58 59 60 61 62 63 64 65 66 67 68 69 70 71
 72 73 74 75 76 77 78 79 80 81 82 83 84 85 86 87 88 89 90 91 92 93 94 95
 96 97 98 99] [195]
--- 24 packets received with 5 error(s) ---
[SYNC] New preamble detected @ 169157 (CFO 62.79 Hz, STO 5)
0.00011673992 7e-06 7e-06
[SYNC] Estimated SNR: 11.95 dB (2048 samples)
[MAC] Packet demodulated:  [ 0  1  2  3  4  5  6  7  8  9 10 11 12 13 14 15 16 17 18 19 20 21 22 23
 24 25 26 27 28 29 30 31 32 33 34 35 36 37 38 39 40 41 42 43 44 45 46 47
 48 49 50 51 52 53 54 55 56 57 58 59 60 61 62 63 64 65 66 67 68 69 70 71
 72 73 74 75 76 77 78 79 80 81 82 83 84 85 86 87 88 89 90 91 92 93 94 95
 96 97 98 99] [195]
--- 25 packets received with 5 error(s) ---
[SYNC] New preamble detected @ 176207 (CFO -6.74 Hz, STO 7)
0.00011636072 7e-06 7e-06
[SYNC] Estimated SNR: 11.94 dB (2048 samples)
[MAC] Packet demodulated:  [ 0  1  2  3  4  5  6  7  8  9 10 11 12 13 14 15 16 17 18 19 20 21 22 23
 24 25 26 27 28 29 30 31 32 33 34 35 36 37 38 39 40 41 42 43 44 45 46 47
 48 49 50 51 52 53 54 55 56 57 58 59 60 61 62 63 64 65 66 67 68 69 70 71
 72 73 74 75 76 77 78 79 80 81 82 83 84 85 86 87 88 89 90 91 92 93 94 95
 96 97 98 99] [195]
--- 26 packets received with 5 error(s) ---
[SYNC] New preamble detected @ 183248 (CFO 22.38 Hz, STO 0)
0.00011478262 7e-06 7e-06
[SYNC] Estimated SNR: 11.87 dB (2048 samples)
[MAC] Packet demodulated:  [ 0  1  2  3  4  5  6  7  8  9 10 11 12 13 14 15 16 17 18 19 20 21 22 23
 24 25 26 27 28 29 30 31 32 33 34 35 36 37 38 39 40 41 42 43 44 45 46 47
 48 49 50 51 52 53 54 55 56 57 58 59 60 61 62 63 64 65 66 67 68 69 70 71
 72 73 74 75 76 77 78 79 80 81 82 83 84 85 86 87 88 89 90 91 92 93 94 95
 96 97 98 99] [195]
--- 27 packets received with 5 error(s) ---
[SYNC] New preamble detected @ 190299 (CFO 23.82 Hz, STO 3)
0.000115825416 7e-06 7e-06
[SYNC] Estimated SNR: 11.92 dB (1024 samples)
[MAC] Packet demodulated:  [ 0  1  2  3  4  5  6  7  8  9 10 11 12 13 14 15 16 17 18 19 20 21 22 23
 24 25 26 27 28 29 30 31 32 33 34 35 36 37 38 39 40 41 42 43 44 45 46 47
 48 49 50 51 52 53 54 55 56 57 58 59 60 61 62 63 64 65 66 67 68 69 70 71
 72 73 74 75 76 77 78 79 80 81 82 83 84 85 86 87 88 89 90 91 92 93 94 95
 96 97 98 99] [195]
--- 28 packets received with 5 error(s) ---
[SYNC] New preamble detected @ 197345 (CFO 2.56 Hz, STO 1)
0.00011431122 7e-06 7e-06
[SYNC] Estimated SNR: 11.86 dB (4096 samples)
[SYNC] New preamble detected @ 204396 (CFO 8.85 Hz, STO 4)
0.00011766348 7e-06 7e-06
[SYNC] Estimated SNR: 11.99 dB (512 samples)
[MAC] Packet demodulated:  [ 0  1  2  3  4  5  6  7  8  9 10 11 12 13 14 15 16 17 18 19 20 21 22 23
 24 25 26 27 28 29 30 31 32 33 34 35 36 37 38 39 40 41 42 43 44 45 46 47
 48 49 50 51 52 53 54 55 56 57 58 59 60 61 62 63 64 65 66 67 68 69 70 71
 72 73 74 75 76 77 78 79 80 81 82 83 84 85 86 87 88 89 90 91 92 93 94 95
 96 97 98 99] [195]
--- 29 packets received with 5 error(s) ---
[MAC] Packet demodulated:  [ 0  1  2  3  4  5  6  7  8  9 10 11 12 13 14 15 16 17 18 19 20 21 22 23
 24 25 26 27 28 29 30 31 32 33 34 35 36 37 38 39 40 41 42 43 44 45 46 47
 48 49 50 51 52 53 54 55 56 57 58 59 60 61 62 63 64 65 66 67 68 69 70 71
 72 73 74 75 76 77 78 79 80 81 82 83 84 85 86 87 88 89 90 91 92 93 94 95
 96 97 98 99] [195]
--- 30 packets received with 5 error(s) ---
[SYNC] New preamble detected @ 211441 (CFO -47.52 Hz, STO 1)
0.00011520278 7e-06 7e-06
[SYNC] Estimated SNR: 11.89 dB (2048 samples)
[MAC] Packet demodulated:  [ 0  1  2  3  4  5  6  7  8  9 10 11 12 13 14 15 16 17 18 19 20 21 22 23
 24 25 26 27 28 29 30 31 32 33 34 35 36 37 38 39 40 41 42 43 44 45 46 47
 48 49 50 51 52 53 54 55 56 57 58 59 60 61 62 63 64 65 66 67 68 69 70 71
 72 73 74 75 76 77 78 79 80 81 82 83 84 85 86 87 88 89 90 91 92 93 94 95
 96 97 98 99] [195]
--- 31 packets received with 5 error(s) ---
[SYNC] New preamble detected @ 218492 (CFO -11.08 Hz, STO 4)
0.000117243326 7e-06 7e-06
[SYNC] Estimated SNR: 11.97 dB (2048 samples)
[MAC] Packet demodulated:  [ 0  1  2  3  4  5  6  7  8  9 10 11 12 13 14 15 16 17 18 19 20 21 22 23
 24 25 26 27 28 29 30 31 32 33 34 35 36 37 38 39 40 41 42 43 44 45 46 47
 48 49 50 51 52 53 54 55 56 57 58 59 60 61 62 63 64 65 66 67 68 69 70 71
 72 73 74 75 76 77 78 79 80 81 82 83 84 85 86 87 88 89 90 91 92 93 94 95
 96 97 98 99] [195]
--- 32 packets received with 5 error(s) ---
[SYNC] New preamble detected @ 225542 (CFO 14.43 Hz, STO 6)
0.00011816783 7e-06 7e-06
[SYNC] Estimated SNR: 12.01 dB (2048 samples)
[MAC] Packet demodulated:  [ 0  1  2  3  4  5  6  7  8  9 10 11 12 13 14 15 16 17 18 19 20 21 22 23
 24 25 26 27 28 29 30 31 32 33 34 35 36 37 38 39 40 41 42 43 44 45 46 47
 48 49 50 51 52 53 54 55 56 57 58 59 60 61 62 63 64 65 66 67 68 69 70 71
 72 73 74 75 76 77 78 79 80 81 82 83 84 85 86 87 88 89 90 91 92 93 94 95
 96 97 98 99] [195]
--- 33 packets received with 5 error(s) ---
[SYNC] New preamble detected @ 232589 (CFO -15.47 Hz, STO 5)
0.00011890222 7e-06 7e-06
[SYNC] Estimated SNR: 12.04 dB (1024 samples)
[MAC] Packet demodulated:  [ 0  1  2  3  4  5  6  7  8  9 10 11 12 13 14 15 16 17 18 19 20 21 22 23
 24 25 26 27 28 29 30 31 32 33 34 35 36 37 38 39 40 41 42 43 44 45 46 47
 48 49 50 51 52 53 54 55 56 57 58 59 60 61 62 63 64 65 66 67 68 69 70 71
 72 73 74 75 76 77 78 79 80 81 82 83 84 85 86 87 88 89 90 91 92 93 94 95
 96 97 98 99] [195]
--- 34 packets received with 5 error(s) ---
[SYNC] New preamble detected @ 239635 (CFO -28.72 Hz, STO 3)
0.00012158739 7e-06 7e-06
[SYNC] Estimated SNR: 12.14 dB (512 samples)
[MAC] Packet demodulated:  [ 0  1  2  3  4  5  6  7  8  9 10 11 12 13 14 15 16 17 18 19 20 21 22 23
 24 25 26 27 28 29 30 31 32 33 34 35 36 37 38 39 40 41 42 43 44 45 46 47
 48 49 50 51 52 53 54 55 56 57 58 59 60 61 62 63 64 65 66 67 68 69 70 71
 72 73 74 75 76 77 78 79 80 81 82 83 84 85 86 87 88 89 90 91 92 93 94 95
 96 97 98 99] [195]
--- 35 packets received with 5 error(s) ---
[SYNC] New preamble detected @ 246684 (CFO -16.92 Hz, STO 4)
0.00011948934 7e-06 7e-06
[SYNC] Estimated SNR: 12.06 dB (4096 samples)
[MAC] Packet demodulated:  [ 0  1  2  3  4  5  6  7  8  9 10 11 12 13 14 15 16 17 18 19 20 21 22 23
 24 25 26 27 28 29 30 31 32 33 34 35 36 37 38 39 40 41 42 43 44 45 46 47
 48 49 50 51 52 53 54 55 56 57 58 59 60 61 62 63 64 65 66 67 68 69 70 71
 72 73 74 75 76 77 78 79 80 81 82 83 84 85 86 87 88 89 90 91 92 93 94 95
 96 97 98 99] [195]
--- 36 packets received with 5 error(s) ---
[SYNC] New preamble detected @ 253732 (CFO -93.00 Hz, STO 4)
0.00011743995 7e-06 7e-06
[SYNC] Estimated SNR: 11.98 dB (1024 samples)
[MAC] Packet demodulated:  [ 0  1  2  3  4  5  6  7  8  9 10 11 12 13 14 15 16 17 18 19 20 21 22 23
 24 25 26 27 28 29 30 31 32 33 34 35 36 37 38 39 40 41 42 43 44 45 46 47
 48 49 50 51 52 53 54 55 56 57 58 59 60 61 62 63 64 65 66 67 68 69 70 71
 72 73 74 75 76 77 78 79 80 81 82 83 84 85 86 87 88 89 90 91 92 93 94 95
 96 97 98 99] [195]
--- 37 packets received with 5 error(s) ---
[SYNC] New preamble detected @ 260781 (CFO -45.64 Hz, STO 5)
0.000119045195 7e-06 7e-06
[SYNC] Estimated SNR: 12.04 dB (512 samples)
[MAC] Packet demodulated:  [ 0  1  2  3  4  5  6  7  8  9 10 11 12 13 14 15 16 17 18 19 20 21 22 23
 24 25 26 27 28 29 30 31 32 33 34 35 36 37 38 39 40 41 42 43 44 45 46 47
 48 49 50 51 52 53 54 55 56 57 58 59 60 61 62 63 64 65 66 67 68 69 70 71
 72 73 74 75 76 77 78 79 80 81 82 83 84 85 86 87 88 89 90 91 92 93 94 95
 96 97 98 99] [195]
--- 38 packets received with 5 error(s) ---
[SYNC] New preamble detected @ 267831 (CFO -80.67 Hz, STO 7)
0.000117450494 7e-06 7e-06
[SYNC] Estimated SNR: 11.98 dB (4096 samples)
[MAC] Packet demodulated:  [ 0  1  2  3  4  5  6  7  8  9 10 11 12 13 14 15 16 17 18 19 20 21 22 23
 24 25 26 27 28 29 30 31 32 33 34 35 36 37 38 39 40 41 42 43 44 45 46 47
 48 49 50 51 52 53 54 55 56 57 58 59 60 61 62 63 64 65 66 67 68 69 70 71
 72 73 74 75 76 77 78 79 80 81 82 83 84 85 86 87 88 89 90 91 92 93 94 95
 96 97 98 99] [195]
--- 39 packets received with 5 error(s) ---
[SYNC] New preamble detected @ 274876 (CFO -91.36 Hz, STO 4)
0.00011608143 7e-06 7e-06
[SYNC] Estimated SNR: 11.93 dB (2048 samples)
[MAC] Packet demodulated:  [ 0  1  2  3  4  5  6  7  8  9 10 11 12 13 14 15 16 17 18 19 20 21 22 23
 24 25 26 27 28 29 30 31 32 33 34 35 36 37 38 39 40 41 42 43 44 45 46 47
 48 49 50 51 52 53 54 55 56 57 58 59 60 61 62 63 64 65 66 67 68 69 70 71
 72 73 74 75 76 77 78 79 80 81 82 83 84 85 86 87 88 89 90 91 92 93 94 95
 96 97 98 99] [195]
--- 40 packets received with 5 error(s) ---
[SYNC] New preamble detected @ 281921 (CFO -30.32 Hz, STO 1)
0.00011672116 7e-06 7e-06
[SYNC] Estimated SNR: 11.95 dB (1024 samples)
[MAC] Packet demodulated:  [ 0  1  2  3  4  5  6  7  8  9 10 11 12 13 14 15 16 17 18 19 20 21 22 23
 24 25 26 27 28 29 30 31 32 33 34 35 36 37 38 39 40 41 42 43 44 45 46 47
 48 49 50 51 52 53 54 55 56 57 58 59 60 61 62 63 64 65 66 67 68 69 70 71
 72 73 74 75 76 77 78 79 80 81 82 83 84 85 86 87 88 89 90 91 92 93 94 95
 96 97 98 99] [195]
--- 41 packets received with 5 error(s) ---
[SYNC] New preamble detected @ 288974 (CFO -4.77 Hz, STO 6)
0.000114700306 7e-06 7e-06
[SYNC] Estimated SNR: 11.87 dB (1024 samples)
[MAC] Packet demodulated:  [ 0  1  2  3  4  5  6  7  8  9 10 11 12 13 14 15 16 17 18 19 20 21 22 23
 24 25 26 27 28 29 30 31 32 33 34 35 36 37 38 39 40 41 42 43 44 45 46 47
 48 49 50 51 52 53 54 55 56 57 58 59 60 61 62 63 64 65 66 67 68 69 70 71
 72 73 74 75 76 77 78 79 80 81 82 83 84 85 86 87 88 89 90 91 92 93 94 95
 96 97 98 99] [195]
--- 42 packets received with 5 error(s) ---
[SYNC] New preamble detected @ 296017 (CFO -33.79 Hz, STO 1)
0.000113380076 7e-06 7e-06
[SYNC] Estimated SNR: 11.82 dB (512 samples)
[MAC] Packet demodulated:  [ 0  1  2  3  4  5  6  7  8  9 10 11 12 13 14 15 16 17 18 19 20 21 22 23
 24 25 26 27 28 29 30 31 32 33 34 35 36 37 38 39 40 41 42 43 44 45 46 47
 48 49 50 51 52 53 54 55 56 57 58 59 60 61 62 63 64 65 66 67 68 69 70 71
 72 73 74 75 76 77 78 79 80 81 82 83 84 85 86 87 88 89 90 91 92 93 94 95
 96 97 98 99] [195]
--- 43 packets received with 5 error(s) ---
[SYNC] New preamble detected @ 303066 (CFO 52.43 Hz, STO 2)
0.00011637097 7e-06 7e-06
[SYNC] Estimated SNR: 11.94 dB (4096 samples)
[MAC] Packet demodulated:  [ 0  1  2  3  4  5  6  7  8  9 10 11 12 13 14 15 16 17 18 19 20 21 22 23
 24 25 26 27 28 29 30 31 32 33 34 35 36 37 38 39 40 41 42 43 44 45 46 47
 48 49 50 51 52 53 54 55 56 57 58 59 60 61 62 63 64 65 66 67 68 69 70 71
 72 73 74 75 76 77 78 79 80 81 82 83 84 85 86 87 88 89 90 91 92 93 94 95
 96 97 98 99] [195]
--- 44 packets received with 5 error(s) ---
[SYNC] New preamble detected @ 310112 (CFO 36.54 Hz, STO 0)
0.000112419475 7e-06 7e-06
[SYNC] Estimated SNR: 11.78 dB (2048 samples)
[MAC] Packet demodulated:  [ 0  1  2  3  4  5  6  7  8  9 10 11 12 13 14 15 16 17 18 19 20 21 22 23
 24 25 26 27 28 29 30 31 32 33 34 35 36 37 38 39 40 41 42 43 44 45 46 47
 48 49 50 51 52 53 54 55 56 57 58 59 60 61 62 63 64 65 66 67 68 69 70 71
 72 73 74 75 76 77 78 79 80 81 82 83 84 85 86 87 88 89 90 91 92 93 94 95
 96 97 98 99] [195]
--- 45 packets received with 5 error(s) ---
[SYNC] New preamble detected @ 317161 (CFO 39.55 Hz, STO 1)
0.000121317644 7e-06 7e-06
[SYNC] Estimated SNR: 12.13 dB (2048 samples)
[MAC] Packet demodulated:  [ 0  1  2  3  4  5  6  7  8  9 10 11 12 13 14 15 16 17 18 19 20 21 22 23
 24 25 26 27 28 29 30 31 32 33 34 35 36 37 38 39 40 41 42 43 44 45 46 47
 48 49 50 51 52 53 54 55 56 57 58 59 60 61 62 63 64 65 66 67 68 69 70 71
 72 73 74 75 76 77 78 79 80 81 82 83 84 85 86 87 88 89 90 91 92 93 94 95
 96 97 98 99] [195]
--- 46 packets received with 5 error(s) ---
[SYNC] New preamble detected @ 324215 (CFO -5.61 Hz, STO 7)
0.00011492221 7e-06 7e-06
[SYNC] Estimated SNR: 11.88 dB (2048 samples)
[MAC] Packet demodulated:  [ 0  1  2  3  4  5  6  7  8  9 10 11 12 13 14 15 16 17 18 19 20 21 22 23
 24 25 26 27 28 29 30 31 32 33 34 35 36 37 38 39 40 41 42 43 44 45 46 47
 48 49 50 51 52 53 54 55 56 57 58 59 60 61 62 63 64 65 66 67 68 69 70 71
 72 73 74 75 76 77 78 79 80 81 82 83 84 85 86 87 88 89 90 91 92 93 94 95
 96 97 98 99] [195]
--- 47 packets received with 5 error(s) ---
[SYNC] New preamble detected @ 331259 (CFO -76.57 Hz, STO 3)
0.00011666493 7e-06 7e-06
[SYNC] Estimated SNR: 11.95 dB (4096 samples)
[MAC] Packet demodulated:  [ 0  1  2  3  4  5  6  7  8  9 10 11 12 13 14 15 16 17 18 19 20 21 22 23
 24 25 26 27 28 29 30 31 32 33 34 35 36 37 38 39 40 41 42 43 44 45 46 47
 48 49 50 51 52 53 54 55 56 57 58 59 60 61 62 63 64 65 66 67 68 69 70 71
 72 73 74 75 76 77 78 79 80 81 82 83 84 85 86 87 88 89 90 91 92 93 94 95
 96 97 98 99] [195]
--- 48 packets received with 5 error(s) ---
[SYNC] New preamble detected @ 338305 (CFO -60.78 Hz, STO 1)
0.00011604406 7e-06 7e-06
[SYNC] Estimated SNR: 11.93 dB (2048 samples)
[MAC] Packet demodulated:  [ 0  1  2  3  4  5  6  7  8  9 10 11 12 13 14 15 16 17 18 19 20 21 22 23
 24 25 26 27 28 29 30 31 32 33 34 35 36 37 38 39 40 41 42 43 44 45 46 47
 48 49 50 51 52 53 54 55 56 57 58 59 60 61 62 63 64 65 66 67 68 69 70 71
 72 73 74 75 76 77 78 79 80 81 82 83 84 85 86 87 88 89 90 91 92 93 94 95
 96 97 98 99] [195]
--- 49 packets received with 5 error(s) ---
[SYNC] New preamble detected @ 345354 (CFO -15.94 Hz, STO 2)
0.000117306714 7e-06 7e-06
[SYNC] Estimated SNR: 11.98 dB (4096 samples)
[MAC] Packet demodulated:  [ 0  1  2  3  4  5  6  7  8  9 10 11 12 13 14 15 16 17 18 19 20 21 22 23
 24 25 26 27 28 29 30 31 32 33 34 35 36 37 38 39 40 41 42 43 44 45 46 47
 48 49 50 51 52 53 54 55 56 57 58 59 60 61 62 63 64 65 66 67 68 69 70 71
 72 73 74 75 76 77 78 79 80 81 82 83 84 85 86 87 88 89 90 91 92 93 94 95
 96 97 98 99] [195]
--- 50 packets received with 5 error(s) ---
[SYNC] New preamble detected @ 352404 (CFO 23.00 Hz, STO 4)
0.00011867148 7e-06 7e-06
[SYNC] Estimated SNR: 12.03 dB (1024 samples)
[MAC] Packet demodulated:  [ 0  1  2  3  4  5  6  7  8  9 10 11 12 13 14 15 16 17 18 19 20 21 22 23
 24 25 26 27 28 29 30 31 32 33 34 35 36 37 38 39 40 41 42 43 44 45 46 47
 48 49 50 51 52 53 54 55 56 57 58 59 60 61 62 63 64 65 66 67 68 69 70 71
 72 73 74 75 76 77 78 79 80 81 82 83 84 85 86 87 88 89 90 91 92 93 94 95
 96 97 98 99] [195]
--- 51 packets received with 5 error(s) ---
[SYNC] New preamble detected @ 359451 (CFO -32.63 Hz, STO 3)
0.00011416174 7e-06 7e-06
[SYNC] Estimated SNR: 11.85 dB (1024 samples)
[MAC] Packet demodulated:  [ 0  1  2  3  4  5  6  7  8  9 10 11 12 13 14 15 16 17 18 19 20 21 22 23
 24 25 26 27 28 29 30 31 32 33 34 35 36 37 38 39 40 41 42 43 44 45 46 47
 48 49 50 51 52 53 54 55 56 57 58 59 60 61 62 63 64 65 66 67 68 69 70 71
 72 73 74 75 76 77 78 79 80 81 82 83 84 85 86 87 88 89 90 91 92 93 94 95
 96 97 98 99] [195]
--- 52 packets received with 5 error(s) ---
[SYNC] New preamble detected @ 366501 (CFO -33.47 Hz, STO 5)
0.00011471998 7e-06 7e-06
[SYNC] Estimated SNR: 11.87 dB (4096 samples)
[MAC] Packet demodulated:  [ 0  1  2  3  4  5  6  7  8  9 10 11 12 13 14 15 16 17 18 19 20 21 22 23
 24 25 26 27 28 29 30 31 32 33 34 35 36 37 38 39 40 41 42 43 44 45 46 47
 48 49 50 51 52 53 54 55 56 57 58 59 60 61 62 63 64 65 66 67 68 69 70 71
 72 73 74 75 76 77 78 79 80 81 82 83 84 85 86 87 88 89 90 91 92 93 94 95
 96 97 98 99] [195]
--- 53 packets received with 5 error(s) ---
[SYNC] New preamble detected @ 373548 (CFO 20.37 Hz, STO 4)
0.00011501418 7e-06 7e-06
[SYNC] Estimated SNR: 11.88 dB (2048 samples)
[MAC] Packet demodulated:  [ 0  1  2  3  4  5  6  7  8  9 10 11 12 13 14 15 16 17 18 19 20 21 22 23
 24 25 26 27 28 29 30 31 32 33 34 35 36 37 38 39 40 41 42 43 44 45 46 47
 48 49 50 51 52 53 54 55 56 57 58 59 60 61 62 63 64 65 66 67 68 69 70 71
 72 73 74 75 76 77 78 79 80 81 82 83 84 85 86 87 88 89 90 91 92 93 94 95
 96 97 98 99] [195]
--- 54 packets received with 5 error(s) ---
[SYNC] New preamble detected @ 380599 (CFO -5.74 Hz, STO 7)
0.00011506738 7e-06 7e-06
[SYNC] Estimated SNR: 11.89 dB (2048 samples)
[MAC] Packet demodulated:  [ 0  1  2  3  4  5  6  7  8  9 10 11 12 13 14 15 16 17 18 19 20 21 22 23
 24 25 26 27 28 29 30 31 32 33 34 35 36 37 38 39 40 41 42 43 44 45 46 47
 48 49 50 51 52 53 54 55 56 57 58 59 60 61 62 63 64 65 66 67 68 69 70 71
 72 73 74 75 76 77 78 79 80 81 82 83 84 85 86 87 88 89 90 91 92 93 94 95
 96 97 98 99] [195]
--- 55 packets received with 5 error(s) ---
[SYNC] New preamble detected @ 387643 (CFO 62.58 Hz, STO 3)
0.00011669299 7e-06 7e-06
[SYNC] Estimated SNR: 11.95 dB (2048 samples)
[MAC] Packet demodulated:  [ 0  1  2  3  4  5  6  7  8  9 10 11 12 13 14 15 16 17 18 19 20 21 22 23
 24 25 26 27 28 29 30 31 32 33 34 35 36 37 38 39 40 41 42 43 44 45 46 47
 48 49 50 51 52 53 54 55 56 57 58 59 60 61 62 63 64 65 66 67 68 69 70 71
 72 73 74 75 76 77 78 79 80 81 82 83 84 85 86 87 88 89 90 91 92 93 94 95
 96 97 98 99] [195]
--- 56 packets received with 5 error(s) ---
[SYNC] New preamble detected @ 394692 (CFO -9.20 Hz, STO 4)
0.00011537777 7e-06 7e-06
[SYNC] Estimated SNR: 11.90 dB (4096 samples)
[MAC] Packet demodulated:  [ 0  1  2  3  4  5  6  7  8  9 10 11 12 13 14 15 16 17 18 19 20 21 22 23
 24 25 26 27 28 29 30 31 32 33 34 35 36 37 38 39 40 41 42 43 44 45 46 47
 48 49 50 51 52 53 54 55 56 57 58 59 60 61 62 63 64 65 66 67 68 69 70 71
 72 73 74 75 76 77 78 79 80 81 82 83 84 85 86 87 88 89 90 91 92 93 94 95
 96 97 98 99] [195]
--- 57 packets received with 5 error(s) ---
[SYNC] New preamble detected @ 401738 (CFO -45.53 Hz, STO 2)
0.000110912384 7e-06 7e-06
[SYNC] Estimated SNR: 11.72 dB (512 samples)
[MAC] Packet demodulated:  [ 0  1  2  3  4  5  6  7  8  9 10 11 12 13 14 15 16 17 18 19 20 21 22 23
 24 25 26 27 28 29 30 31 32 33 34 35 36 37 38 39 40 41 42 43 44 45 46 47
 48 49 50 51 52 53 54 55 56 57 58 59 60 61 62 63 64 65 66 67 68 69 70 71
 72 73 74 75 76 77 78 79 80 81 82 83 84 85 86 87 88 89 90 91 92 93 94 95
 96 97 98 99] [195]
--- 58 packets received with 5 error(s) ---
[SYNC] New preamble detected @ 408791 (CFO -33.05 Hz, STO 7)
0.00011692619 7e-06 7e-06
[SYNC] Estimated SNR: 11.96 dB (2048 samples)
[MAC] Packet demodulated:  [ 0  1  2  3  4  5  6  7  8  9 10 11 12 13 14 15 16 17 18 19 20 21 22 23
 24 25 26 27 28 29 30 31 32 33 34 35 36 37 38 39 40 41 42 43 44 45 46 47
 48 49 50 51 52 53 54 55 56 57 58 59 60 61 62 63 64 65 66 67 68 69 70 71
 72 73 74 75 76 77 78 79 80 81 82 83 84 85 86 87 88 89 90 91 92 93 94 95
 96 97 98 99] [195]
--- 59 packets received with 5 error(s) ---
[SYNC] New preamble detected @ 415839 (CFO 25.35 Hz, STO 7)
0.00011261401 7e-06 7e-06
[SYNC] Estimated SNR: 11.79 dB (2048 samples)
[MAC] Packet demodulated:  [ 0  1  2  3  4  5  6  7  8  9 10 11 12 13 14 15 16 17 18 19 20 21 22 23
 24 25 26 27 28 29 30 31 32 33 34 35 36 37 38 39 40 41 42 43 44 45 46 47
 48 49 50 51 52 53 54 55 56 57 58 59 60 61 62 63 64 65 66 67 68 69 70 71
 72 73 74 75 76 77 78 79 80 81 82 83 84 85 86 87 88 89 90 91 92 93 94 95
 96 97 98 99] [195]
--- 60 packets received with 5 error(s) ---
[SYNC] New preamble detected @ 422883 (CFO -3.31 Hz, STO 3)
0.00011382061 7e-06 7e-06
[SYNC] Estimated SNR: 11.84 dB (1024 samples)
[MAC] Packet demodulated:  [ 0  1  2  3  4  5  6  7  8  9 10 11 12 13 14 15 16 17 18 19 20 21 22 23
 24 25 26 27 28 29 30 31 32 33 34 35 36 37 38 39 40 41 42 43 44 45 46 47
 48 49 50 51 52 53 54 55 56 57 58 59 60 61 62 63 64 65 66 67 68 69 70 71
 72 73 74 75 76 77 78 79 80 81 82 83 84 85 86 87 88 89 90 91 92 93 94 95
 96 97 98 99] [195]
--- 61 packets received with 5 error(s) ---
[SYNC] New preamble detected @ 429935 (CFO 20.79 Hz, STO 7)
0.0001148243 7e-06 7e-06
[SYNC] Estimated SNR: 11.88 dB (2048 samples)
[MAC] Packet demodulated:  [ 0  1  2  3  4  5  6  7  8  9 10 11 12 13 14 15 16 17 18 19 20 21 22 23
 24 25 26 27 28 29 30 31 32 33 34 35 36 37 38 39 40 41 42 43 44 45 46 47
 48 49 50 51 52 53 54 55 56 57 58 59 60 61 62 63 64 65 66 67 68 69 70 71
 72 73 74 75 76 77 78 79 80 81 82 83 84 85 86 87 88 89 90 91 92 93 94 95
 96 97 98 99] [195]
--- 62 packets received with 5 error(s) ---
[SYNC] New preamble detected @ 436977 (CFO 28.32 Hz, STO 1)
0.00011606431 7e-06 7e-06
[SYNC] Estimated SNR: 11.93 dB (2048 samples)
[MAC] Packet demodulated:  [ 0  1  2  3  4  5  6  7  8  9 10 11 12 13 14 15 16 17 18 19 20 21 22 23
 24 25 26 27 28 29 30 31 32 33 34 35 36 37 38 39 40 41 42 43 44 45 46 47
 48 49 50 51 52 53 54 55 56 57 58 59 60 61 62 63 64 65 66 67 68 69 70 71
 72 73 74 75 76 77 78 79 80 81 82 83 84 85 86 87 88 89 90 91 92 93 94 95
 96 97 98 99] [195]
--- 63 packets received with 5 error(s) ---
[SYNC] New preamble detected @ 444030 (CFO -39.12 Hz, STO 6)
0.000118260505 7e-06 7e-06
[SYNC] Estimated SNR: 12.01 dB (1024 samples)
[SYNC] New preamble detected @ 451078 (CFO -73.46 Hz, STO 6)
0.000116779265 7e-06 7e-06
[SYNC] Estimated SNR: 11.95 dB (4096 samples)
[MAC] Packet demodulated:  [ 0  1  2  3  4  5  6  7  8  9 10 11 12 13 14 15 16 17 18 19 20 21 22 23
 24 25 26 27 28 29 30 31 32 33 34 35 36 37 38 39 40 41 42 43 44 45 46 47
 48 49 50 51 52 53 54 55 56 57 58 59 60 61 62 63 64 65 66 67 68 69 70 71
 72 73 74 75 76 77 78 79 80 81 82 83 84 85 86 87 88 89 90 91 92 93 94 95
 96 97 98 99] [195]
--- 64 packets received with 5 error(s) ---
[MAC] Packet demodulated:  [ 0  1  2  3  4  5  6  7  8  9 10 11 12 13 14 15 16 17 18 19 20 21 22 23
 24 25 26 27 28 29 30 31 32 33 34 35 36 37 38 39 40 41 42 43 44 45 46 47
 48 49 50 51 52 53 54 55 56 57 58 59 60 61 62 63 64 65 66 67 68 69 70 71
 72 73 74 75 76 77 78 79 80 81 82 83 84 85 86 87 88 89 90 91 92 93 94 95
 96 97 98 99] [195]
--- 65 packets received with 5 error(s) ---
[SYNC] New preamble detected @ 458120 (CFO -10.58 Hz, STO 0)
0.00011633453 7e-06 7e-06
[SYNC] Estimated SNR: 11.94 dB (2048 samples)
[MAC] Packet demodulated:  [ 0  1  2  3  4  5  6  7  8  9 10 11 12 13 14 15 16 17 18 19 20 21 22 23
 24 25 26 27 28 29 30 31 32 33 34 35 36 37 38 39 40 41 42 43 44 45 46 47
 48 49 50 51 52 53 54 55 56 57 58 59 60 61 62 63 64 65 66 67 68 69 70 71
 72 73 74 75 76 77 78 79 80 81 82 83 84 85 86 87 88 89 90 91 92 93 94 95
 96 97 98 99] [195]
--- 66 packets received with 5 error(s) ---
[SYNC] New preamble detected @ 465175 (CFO -16.50 Hz, STO 7)
0.0001124976 7e-06 7e-06
[SYNC] Estimated SNR: 11.78 dB (1024 samples)
[MAC] Packet demodulated:  [ 0  1  2  3  4  5  6  7  8  9 10 11 12 13 14 15 16 17 18 19 20 21 22 23
 24 25 26 27 28 29 30 31 32 33 34 35 36 37 38 39 40 41 42 43 44 45 46 47
 48 49 50 51 52 53 54 55 56 57 58 59 60 61 62 63 64 65 66 67 68 69 70 71
 72 73 74 75 76 77 78 79 80 81 82 83 84 85 86 87 88 89 90 91 92 93 94 95
 96 97 98 99] [195]
--- 67 packets received with 5 error(s) ---

##################
INFO: device_handler::close_device(): Disconnected from device number 0.
##################

