0 
0 
0 
0 
0 
0 
0 
0 
0 
0 
0 
0 
0 
0 
0 
0 
0 
0 
0 
0 
0 
0 
0 
0 
0 
0 
0 
0 
0 
0 
0 
0 
0 
0 
0 
0 
0 
0 
0 
0 
0 
0 
0 
0 
0 
0 
0 
0 
0 
0 
0 
0 
0 
0 
0 
0 
0 
0 
0 
0 
0 
0 
2 
3 
4 
5 
0 
0 
0 
0 
0 
0 
0 
0 
0 
0 
0 
0 
0 
0 
0 
0 
0 
0 
0 
0 
0 
0 
0 
0 
0 
0 
0 
0 
0 
0 
0 
0 
0 
0 
0 
0 
0 
0 
0 
0 
0 
0 
0 
0 
0 
0 
0 
0 
0 
0 
0 
0 
0 
0 
0 
0 
0 
0 
0 
0 
-1204 
1855 
-1870 
555 
-872 
927 
-1884 
485 
747 
-1325 
1459 
-828 
-1827 
-856 
1775 
1794 
-1689 
-1441 
591 
1412 
-112 
1682 
-1382 
-67 
-407 
153 
1441 
-73 
-129 
50 
-442 
-833 
1144 
-401 
857 
100 
-722 
-814 
-203 
546 
-306 
325 
569 
-1541 
-321 
-2019 
1368 
-476 
1047 
1474 
540 
-1071 
-1855 
-239 
1932 
-1879 
-1760 
-617 
1918 
-450 
2035 
-1776 
0 
0 
0 
0 
0 
0 
0 
0 
0 
0 
0 
0 
0 
0 
0 
0 
0 
0 
0 
0 
0 
0 
0 
0 
0 
0 
0 
0 
0 
0 
0 
0 
0 
0 
0 
0 
0 
0 
0 
0 
0 
0 
0 
0 
0 
0 
0 
0 
0 
0 
0 
0 
0 
0 
0 
0 
0 
0 
0 
0 
0 
0 
